ENVI ASCII Plot File [Sun Sep 13 20:03:49 2015]
Column 1: Wavelength
Column 2: Global-0.5x0.5.analysis.1984_rot.envi (246,171)~~2##255,0,0
    1.000000  5.720000     2.000000  5.730000     3.000000  5.730000
    4.000000  5.730000     5.000000  5.740000     6.000000  5.740000
    7.000000  5.740000     8.000000  5.740000     9.000000  5.740000
   10.000000  5.740000    11.000000  5.740000    12.000000  5.740000
   13.000000  5.740000    14.000000  5.740000    15.000000  5.740000
   16.000000  5.750000    17.000000  5.750000    18.000000  5.750000
   19.000000  5.750000    20.000000  5.750000    21.000000  5.750000
   22.000000  5.750000    23.000000  5.750000    24.000000  5.750000
   25.000000  5.760000    26.000000  5.760000    27.000000  5.760000
   28.000000  5.760000    29.000000  5.760000    30.000000  5.760000
   31.000000  5.770000    32.000000  5.770000    33.000000  5.770000
   34.000000  5.770000    35.000000  5.770000    36.000000  5.770000
   37.000000  5.770000    38.000000  5.770000    39.000000  5.760000
   40.000000  5.760000    41.000000  5.760000    42.000000  5.760000
   43.000000  5.760000    44.000000  5.770000    45.000000  5.770000
   46.000000  5.760000    47.000000  5.760000    48.000000  5.760000
   49.000000  5.760000    50.000000  5.760000    51.000000  5.760000
   52.000000  5.760000    53.000000  5.760000    54.000000  5.760000
   55.000000  5.750000    56.000000  5.750000    57.000000  5.740000
   58.000000  5.740000    59.000000  5.740000    60.000000  5.740000
   61.000000  5.740000    62.000000  5.740000    63.000000  5.730000
   64.000000  5.730000    65.000000  5.730000    66.000000  5.730000
   67.000000  5.730000    68.000000  5.730000    69.000000  5.730000
   70.000000  5.720000    71.000000  5.720000    72.000000  5.710000
   73.000000  5.710000    74.000000  5.710000    75.000000  5.700000
   76.000000  5.690000    77.000000  5.680000    78.000000  5.670000
   79.000000  5.660000    80.000000  5.660000    81.000000  5.660000
   82.000000  5.660000    83.000000  5.660000    84.000000  5.660000
   85.000000  5.660000    86.000000  5.680000    87.000000  5.690000
   88.000000  5.690000    89.000000  5.700000    90.000000  5.710000
   91.000000  5.720000    92.000000  5.720000    93.000000  5.720000
   94.000000  5.720000    95.000000  5.720000    96.000000  5.720000
   97.000000  5.710000    98.000000  5.710000    99.000000  5.700000
  100.000000  5.690000   101.000000  5.680000   102.000000  5.670000
  103.000000  5.670000   104.000000  5.680000   105.000000  5.680000
  106.000000  5.690000   107.000000  5.700000   108.000000  5.710000
  109.000000  5.710000   110.000000  5.720000   111.000000  5.720000
  112.000000  5.720000   113.000000  5.720000   114.000000  5.720000
  115.000000  5.730000   116.000000  5.750000   117.000000  5.760000
  118.000000  5.770000   119.000000  5.780000   120.000000  5.780000
  121.000000  5.790000   122.000000  5.790000   123.000000  5.790000
  124.000000  5.790000   125.000000  5.780000   126.000000  5.770000
  127.000000  5.770000   128.000000  5.770000   129.000000  5.770000
  130.000000  5.780000   131.000000  5.780000   132.000000  5.790000
  133.000000  5.800000   134.000000  5.810000   135.000000  5.820000
  136.000000  5.820000   137.000000  5.830000   138.000000  5.830000
  139.000000  5.830000   140.000000  5.840000   141.000000  5.840000
  142.000000  5.840000   143.000000  5.850000   144.000000  5.850000
  145.000000  5.850000   146.000000  5.850000   147.000000  5.860000
  148.000000  5.860000   149.000000  5.860000   150.000000  5.860000
  151.000000  5.860000   152.000000  5.860000   153.000000  5.860000
  154.000000  5.870000   155.000000  5.870000   156.000000  5.870000
  157.000000  5.870000   158.000000  5.870000   159.000000  5.870000
  160.000000  5.870000   161.000000  5.870000   162.000000  5.870000
  163.000000  5.880000   164.000000  5.880000   165.000000  5.880000
  166.000000  5.880000   167.000000  5.880000   168.000000  5.880000
  169.000000  5.880000   170.000000  5.880000   171.000000  5.880000
  172.000000  5.880000   173.000000  5.880000   174.000000  5.880000
  175.000000  5.880000   176.000000  5.880000   177.000000  5.880000
  178.000000  5.880000   179.000000  5.880000   180.000000  5.880000
  181.000000  5.880000   182.000000  5.890000   183.000000  5.890000
  184.000000  5.890000   185.000000  5.890000   186.000000  5.890000
  187.000000  5.890000   188.000000  5.890000   189.000000  5.890000
  190.000000  5.890000   191.000000  5.890000   192.000000  5.890000
  193.000000  5.890000   194.000000  5.890000   195.000000  5.890000
  196.000000  5.890000   197.000000  5.890000   198.000000  5.890000
  199.000000  5.890000   200.000000  5.890000   201.000000  5.890000
  202.000000  5.890000   203.000000  5.890000   204.000000  5.890000
  205.000000  5.890000   206.000000  5.890000   207.000000  5.890000
  208.000000  5.890000   209.000000  5.890000   210.000000  5.890000
  211.000000  5.890000   212.000000  5.890000   213.000000  5.890000
  214.000000  5.890000   215.000000  5.890000   216.000000  5.890000
  217.000000  5.890000   218.000000  5.880000   219.000000  5.880000
  220.000000  5.880000   221.000000  5.880000   222.000000  5.880000
  223.000000  5.880000   224.000000  5.880000   225.000000  5.880000
  226.000000  5.880000   227.000000  5.880000   228.000000  5.880000
  229.000000  5.880000   230.000000  5.880000   231.000000  5.880000
  232.000000  5.880000   233.000000  5.880000   234.000000  5.880000
  235.000000  5.880000   236.000000  5.880000   237.000000  5.880000
  238.000000  5.880000   239.000000  5.880000   240.000000  5.870000
  241.000000  5.870000   242.000000  5.870000   243.000000  5.870000
  244.000000  5.870000   245.000000  5.870000   246.000000  5.870000
  247.000000  5.870000   248.000000  5.870000   249.000000  5.870000
  250.000000  5.870000   251.000000  5.870000   252.000000  5.870000
  253.000000  5.870000   254.000000  5.870000   255.000000  5.870000
  256.000000  5.870000   257.000000  5.870000   258.000000  5.870000
  259.000000  5.870000   260.000000  5.860000   261.000000  5.860000
  262.000000  5.860000   263.000000  5.860000   264.000000  5.860000
  265.000000  5.860000   266.000000  5.860000   267.000000  5.860000
  268.000000  5.860000   269.000000  5.860000   270.000000  5.860000
  271.000000  5.860000   272.000000  5.850000   273.000000  5.850000
  274.000000  5.850000   275.000000  5.850000   276.000000  5.850000
  277.000000  5.850000   278.000000  5.850000   279.000000  5.850000
  280.000000  5.850000   281.000000  5.850000   282.000000  5.850000
  283.000000  5.850000   284.000000  5.850000   285.000000  5.840000
  286.000000  5.840000   287.000000  5.840000   288.000000  5.840000
  289.000000  5.840000   290.000000  5.840000   291.000000  5.840000
  292.000000  5.840000   293.000000  5.840000   294.000000  5.830000
  295.000000  5.830000   296.000000  5.820000   297.000000  5.820000
  298.000000  5.820000   299.000000  5.820000   300.000000  5.820000
  301.000000  5.820000   302.000000  5.820000   303.000000  5.820000
  304.000000  5.820000   305.000000  5.820000   306.000000  5.820000
  307.000000  5.820000   308.000000  5.820000   309.000000  5.820000
  310.000000  5.820000   311.000000  5.820000   312.000000  5.820000
  313.000000  5.820000   314.000000  5.820000   315.000000  5.820000
  316.000000  5.820000   317.000000  5.820000   318.000000  5.820000
  319.000000  5.820000   320.000000  5.820000   321.000000  5.820000
  322.000000  5.820000   323.000000  5.820000   324.000000  5.820000
  325.000000  5.820000   326.000000  5.810000   327.000000  5.810000
  328.000000  5.810000   329.000000  5.810000   330.000000  5.810000
  331.000000  5.810000   332.000000  5.800000   333.000000  5.800000
  334.000000  5.800000   335.000000  5.800000   336.000000  5.800000
  337.000000  5.800000   338.000000  5.800000   339.000000  5.800000
  340.000000  5.800000   341.000000  5.800000   342.000000  5.800000
  343.000000  5.800000   344.000000  5.800000   345.000000  5.800000
  346.000000  5.800000   347.000000  5.800000   348.000000  5.800000
  349.000000  5.800000   350.000000  5.800000   351.000000  5.800000
  352.000000  5.800000   353.000000  5.800000   354.000000  5.800000
  355.000000  5.800000   356.000000  5.810000   357.000000  5.810000
  358.000000  5.810000   359.000000  5.810000   360.000000  5.810000
  361.000000  5.810000   362.000000  5.810000   363.000000  5.810000
  364.000000  5.810000   365.000000  5.810000   366.000000  5.810000
