ENVI ASCII Plot File [Sun Sep  6 18:41:22 2015]
Column 1: Wavelength
Column 2: 2011_TEMP_FAC (366,87)~~2##255,0,0
1.000000  0.453333
2.000000  0.368333
3.000000  0.306333
4.000000  0.461333
5.000000  0.474667
6.000000  0.631000
7.000000  0.803333
8.000000  0.855333
9.000000  0.953000
10.000000  0.971667
11.000000  0.973333
12.000000  0.978667
13.000000  0.980667
14.000000  0.979667
15.000000  0.980000
16.000000  0.984333
17.000000  0.979667
18.000000  0.972667
19.000000  0.967000
20.000000  0.840000
21.000000  0.939000
22.000000  0.787667
23.000000  0.732667
24.000000  0.643333
