ENVI ASCII Plot File [Sun Sep  6 18:41:07 2015]
Column 1: Wavelength
Column 2: 1982_TEMP_FAC (366,87)~~2##255,0,0
1.000000  0.606333
2.000000  0.574000
3.000000  0.575667
4.000000  0.493000
5.000000  0.471667
6.000000  0.505000
7.000000  0.588667
8.000000  0.589000
9.000000  0.727000
10.000000  0.951000
11.000000  0.980000
12.000000  0.979000
13.000000  0.983667
14.000000  0.983000
15.000000  0.980333
16.000000  0.976667
17.000000  0.973333
18.000000  0.977667
19.000000  0.953000
20.000000  0.912333
21.000000  0.863667
22.000000  0.722000
23.000000  0.609000
24.000000  0.562000
